43708.49249
30906.49654
25235.02888
21854.1678
19546.95772
17843.84709
16520.19088
15453.22269
14569.43754
13821.78175
13178.55165
12122.50434
11285.43755
10600.82301
10027.37508
9537.936646
8921.923475
8411.670856
7850.247715
7388.057139
6998.936087
6589.28173
6181.295686
5789.315586
5421.358574
5115.682107
4797.623417
4508.182982
4245.34346
3973.502432
3734.275436
3510.761625
3294.667288
3098.433628
2907.4723
2726.494251
2562.27811
2406.122984
2260.172121
2122.743656
1993.021287
1870.652908
1756.914111
1649.815225
1549.378243
1454.732023
1365.467621
1282.510744
1204.294989
1130.846861
1061.829217
997.3162333
936.4094587
879.4186721
825.9947312
775.8175428
728.8214954
684.612173
643.2821277
604.559186
568.3035732
534.4401623
502.7603932
473.2223143
445.717829
420.1833633
396.5383231
374.7475914
354.7544791
336.5657226
320.1540404
305.5268392
292.713131
281.7344727
272.6305976
265.4467885
260.2209565
256.9884302
255.7726748
256.5832941
259.41372
264.2428754
271.038852
279.7612027
290.3676122
302.8197791
317.0841439
333.1402572
350.9786275
370.6025798
392.0330537
