0.4030242297
0.2424460584
0.1849365973
0.1542135602
0.1346411701
0.1208654897
0.1105279723
0.1024166834
0.09584009266
0.09037238457
0.08573571377
0.07825175724
0.07242685094
0.06772897705
0.0638372672
0.06054540816
0.05643918623
0.05306751922
0.04938690858
0.04637851192
0.04386005238
0.04122210747
0.03860784831
0.03610763063
0.03377029051
0.03183528142
0.02982800896
0.02800649317
0.02635642084
0.02465369123
0.02315834825
0.02176374984
0.02041769619
0.0191972351
0.0180112714
0.01688887775
0.01587180041
0.01490591805
0.01400436494
0.01315664903
0.01235768674
0.01160529993
0.01090732539
0.01025157451
0.009638256266
0.009062164767
0.00852098452
0.008020499558
0.007551474993
0.007114384113
0.006707585216
0.006331920147
0.00598267497
0.005662242424
0.005369300459
0.005102869955
0.004863463247
0.004650054636
0.004464122198
0.004305440436
0.004174485014
0.004071924067
0.003997973697
0.003953227838
0.003937929294
0.00395217986
0.003995896409
0.004068780333
0.004170507744
0.004300434062
0.004458157212
0.004643237702
0.004855178351
0.005093885367
0.005359314299
0.005651500952
0.00597088507
0.006317984269
0.006693559586
0.00709862769
0.007534213437
0.008001714304
0.0085027129
0.009038870758
0.00961207599
0.01022446097
0.01087822934
0.01157590994
0.01232015333
0.0131137766
0.01395993956
