0.3349899373
0.2151188701
0.1693100339
0.143806225
0.1270868378
0.1150690324
0.1059041867
0.09862086151
0.09265431629
0.08765128061
0.08337811076
0.07642145805
0.0709562881
0.06651654471
0.06281734339
0.05967349292
0.05573325304
0.05248279452
0.04891946576
0.04599567571
0.04354054264
0.0409618699
0.03839950942
0.03594283918
0.03364108508
0.03173197129
0.02974831774
0.02794551901
0.026310286
0.02462087125
0.02313563602
0.02174919895
0.02040992305
0.01919471853
0.01801308855
0.01689411915
0.01587959047
0.01491564483
0.01401546814
0.01316864942
0.01237015097
0.01161781848
0.01091950363
0.01026301323
0.00964853681
0.009070821932
0.008527486732
0.008024273217
0.007551812372
0.007110461028
0.0066984197
0.006316381001
0.00595934787
0.005629524834
0.005325297762
0.005045345774
0.004789871816
0.0045574006
0.00434914689
0.004164484219
0.004003574442
0.00386689944
0.003754438322
0.003666823492
0.003604373492
0.003567427165
0.003556163523
0.003570654654
0.003610845138
0.003676454464
0.003767206876
0.003882744402
0.004022596234
0.004186501611
0.004374210418
0.004585511776
0.004820485946
0.005079285321
0.005362262808
0.005669988846
0.006003065957
0.006362406643
0.006749091631
0.007164285788
0.007609349897
0.008085852982
0.008595435719
0.009140006089
0.009721579131
0.01034230997
0.01100463018
