43787.87144
30952.91818
25262.34933
21872.6457
19555.51899
17847.58298
16516.60157
15447.90882
14563.45877
13816.40035
13174.05832
12117.97173
11279.89502
10592.28947
10009.66972
9516.604628
8895.423321
8387.959664
7831.346076
7370.423333
6986.129851
6576.844679
6172.559488
5774.219961
5406.403208
5106.300139
4788.565361
4501.415688
4238.953467
3966.933218
3721.451402
3492.517955
3274.079683
3073.998101
2882.740137
2704.879236
2543.975453
2390.029181
2248.531409
2114.73372
1987.69761
1860.916095
1746.45933
1646.933853
1552.775714
1467.763211
1387.541404
1315.181694
1235.848052
1159.538637
1088.041919
1025.845065
963.7661915
903.9672651
846.0499572
784.0975559
723.86402
671.0344307
626.5839714
583.9323846
548.9092608
522.0031728
496.8747542
467.7194649
438.6515831
415.5641251
394.8665349
372.4174341
351.9950565
338.9796733
322.5770015
304.5174363
283.7197416
268.7616072
253.4984631
235.3002201
219.7993668
207.5858202
196.7581696
183.7060515
170.6044262
157.2600248
144.586293
135.5710229
139.4719162
147.6161872
156.4003631
172.5336045
193.595641
220.1429747
243.5793565
