0.008632326672
0.01726465334
0.02589698002
0.03452930669
0.04316163336
0.05179396003
0.0604262867
0.06905861337
0.07769094005
0.08632326672
0.09495559339
0.1122202467
0.1294849001
0.1467495534
0.1640142068
0.1812788601
0.2071758401
0.2330728201
0.2676021268
0.3021314335
0.3366607402
0.3798223736
0.4316163336
0.4920426203
0.5611012337
0.630159847
0.7164831138
0.8114387071
0.9150266272
1.044511527
1.182628754
1.338010634
1.519289494
1.717833008
1.950905828
2.218507955
2.512007061
2.848667802
3.228490175
3.660106509
4.152149129
4.713250363
5.34341021
6.059893324
6.871332031
7.794990985
8.848134839
10.03076359
11.37740655
12.90532837
14.64042604
16.59996419
18.8357368
21.36500851
24.23094097
27.48532812
31.17133161
35.36664237
40.11442204
45.50099389
51.61268117
58.53580716
66.39985676
75.31705021
85.43413707
96.90649922
109.9240478
124.6853264
141.4406725
160.4317912
181.9780786
206.4248277
234.1432286
265.5907947
301.2682008
341.727916
387.6259969
439.687559
498.7413058
565.7367931
641.7185325
727.9036819
825.6734138
936.5729146
1062.363179
1205.055539
1366.903031
1550.495355
1758.750236
1994.965223
2262.921275
