44150.59939
31145.76137
25410.39259
21997.37399
19670.39462
17953.69825
16620.02105
15545.29166
14655.27768
13902.48571
13254.92946
12191.95447
11349.54098
10660.6418
10083.66235
9591.248846
8971.539559
8458.263865
7893.552218
7428.68224
7037.323709
6625.330866
6215.032228
5820.844676
5450.827503
5143.447838
4823.624376
4532.584081
4268.296408
3994.961929
3754.423931
3529.68769
3312.413449
3115.109686
2923.107915
2741.144272
2576.033808
2419.027796
2272.280724
2134.101118
2003.667731
1880.62599
1766.257973
1658.562414
1557.560696
1462.375913
1372.595694
1289.149978
1210.461802
1136.556054
1067.09141
1002.140174
940.7947744
883.3635442
829.4905523
778.8478588
731.3630795
686.6300552
644.7333695
605.3866169
568.4347746
533.7860104
501.2083866
470.6363918
441.931903
414.9974575
389.7112519
365.9925852
343.7292205
322.8707824
303.3204498
285.012255
267.9012015
251.9291465
237.062875
223.2881773
210.5981278
199.0145819
188.5851879
179.3904846
171.5555017
165.2469118
160.6809157
158.1201518
157.8603487
160.2121271
165.4776932
173.9337264
185.8245198
201.3708526
220.7946375
