0.269369062
0.1895790254
0.1545466375
0.1337355405
0.1195599055
0.1091081835
0.1009916779
0.09445301692
0.0890393904
0.08446125155
0.08052367708
0.07406115314
0.06894045567
0.06475345436
0.06124703432
0.0582547804
0.0544892869
0.05137074783
0.04793993352
0.04511586811
0.04273849988
0.04023589767
0.03774369775
0.03534946053
0.03310212129
0.03123528559
0.02929294218
0.02752546903
0.02592052299
0.02426070733
0.02280011684
0.02143555013
0.02011637599
0.01891854476
0.01775301341
0.01664855305
0.01564653956
0.01469389343
0.0138037137
0.0129657691
0.01217512016
0.01142966919
0.01073723649
0.01008576819
0.009475477714
0.008901170483
0.008360494636
0.007859191988
0.007387960204
0.006947181955
0.006535097977
0.00615245513
0.005794316585
0.005462985799
0.005156973383
0.004875126432
0.004617886482
0.004384086767
0.004175369399
0.0039916492
0.00383378351
0.003703106357
0.003600653624
0.003528262393
0.003487638465
0.003480626334
0.003509057669
0.003574713202
0.003679442058
0.003824868723
0.004013011638
0.004246075176
0.004526473288
0.004857531477
0.005243151384
0.005687929042
0.006197756629
0.006779461483
0.007441185406
0.008192569238
0.009044446288
0.01000969503
0.01110312164
0.01234144044
0.01374383471
0.0153323236
0.01713165034
0.01917032468
0.0214805137
0.02409860669
0.02706635401
