43742.03028
30911.804
25228.79191
21842.21277
19548.81548
17851.46741
16529.58709
15465.15174
14577.68513
13827.63721
13181.43877
12122.65812
11279.10928
10588.42002
10004.18111
9507.017382
8887.082234
8376.118505
7822.186201
7366.452474
6988.237427
6591.889313
6195.980169
5811.341481
5450.773134
5151.878893
4834.236167
4540.515372
4278.738134
4004.80311
3758.246545
3530.881813
3310.880619
3108.451996
2913.941593
2729.290295
2562.358695
2405.92346
2263.302943
2129.978411
2006.248046
1893.882672
1788.868072
1690.74486
1592.205021
1494.443891
1400.760746
1310.722633
1228.359933
1155.51993
1086.734046
1019.6492
957.0949529
901.4460334
844.2018405
789.6787091
744.1833444
702.0703248
657.9588319
614.6863635
574.7713251
537.3543523
501.0495726
470.2457337
433.7385843
399.8937496
368.2384586
343.5172637
320.611277
301.842584
288.672093
278.9281613
262.1444047
245.769066
235.6427629
234.1306039
231.9086361
234.2057277
241.3657522
251.1418526
261.1621687
263.5597816
260.0864657
247.1970131
233.3948102
222.376831
222.3207386
232.9015248
244.7102469
258.8426577
273.6384441
