43771.369
30913.05127
25256.75794
21874.69322
19547.78903
17833.86963
16507.35864
15443.91698
14560.3016
13815.28538
13180.03526
12132.93899
11300.8783
10618.39099
10045.0798
9548.790864
8925.239958
8408.921336
7846.576308
7385.993401
7000.92564
6600.485982
6201.192998
5808.168979
5434.300891
5121.312675
4786.383936
4478.80801
4203.42379
3924.135667
3679.376532
3458.612328
3247.28874
3052.956182
2862.436987
2683.333171
2512.886788
2352.702168
2205.866478
2072.252096
1948.052474
1835.104958
1733.342269
1629.178983
1534.089149
1442.27095
1354.732829
1269.3334
1190.96791
1121.506626
1054.459518
990.6507534
931.2801784
877.2948421
830.9653001
782.2368324
734.8212639
691.0305651
652.0030081
612.6914367
570.8215658
534.6806401
500.481807
463.597977
434.7238792
417.4687399
406.5584761
390.33898
380.1351534
362.0405355
337.8163865
316.2343803
299.9016875
290.617743
280.566218
278.1319995
276.0072684
273.9504611
275.9245198
278.0087211
284.2196586
291.3002986
298.1085869
301.440183
301.7381656
299.9198078
294.2610849
281.4923521
252.8007231
206.2238849
152.8776811
