0.2695209739
0.1903043929
0.1554566281
0.134673805
0.1204628606
0.1099514554
0.101794373
0.09521371617
0.08973596922
0.08509172869
0.08108154111
0.07451783787
0.06926883404
0.06498219469
0.06143529672
0.05843140197
0.05463895313
0.05152252725
0.04811568692
0.04537226029
0.04305626934
0.04059545698
0.03810215976
0.0356767823
0.0333724019
0.03141636147
0.02938727574
0.02758863284
0.02596306265
0.02426688557
0.02277723454
0.02138871882
0.02005215416
0.01882905044
0.01765297182
0.0165556966
0.01557298578
0.01464575272
0.01376065156
0.01294428343
0.01221761158
0.01155707692
0.01092875637
0.01030638587
0.009694174892
0.009093597318
0.008510562182
0.007964930071
0.007445861632
0.006979106601
0.006589421362
0.006208604662
0.005840740013
0.005517237475
0.005226677441
0.004956552757
0.004705179062
0.004469204492
0.004246480974
0.004073840608
0.003924513398
0.003818509858
0.003757529724
0.003773685247
0.003816123992
0.003885683159
0.003987967574
0.00408202294
0.004178426381
0.00428494406
0.004408046498
0.00455210483
0.004736666737
0.005013765337
0.005356128019
0.005752690756
0.006167432546
0.006575364354
0.006932826613
0.007149200038
0.007128617974
0.00683582585
0.006257452363
0.005595682566
0.005113786115
0.004970602692
0.005028137686
0.005021836338
0.005106377921
0.005485696185
0.005708122441
