0.2688275009
0.1901398733
0.1553957352
0.1344935689
0.1202560741
0.10976882
0.1016583371
0.09515483562
0.08976642148
0.08520130639
0.08124791613
0.07475629207
0.06956754385
0.0653092416
0.06171752142
0.05865014325
0.05478641737
0.05159737515
0.04810509759
0.04524955468
0.04288599185
0.04040293184
0.03791379365
0.03553330729
0.03329376295
0.03142292228
0.0294778701
0.02767724265
0.02603143751
0.02434439134
0.02284397884
0.02147631004
0.02020334015
0.01908186744
0.01799497828
0.01698403586
0.01603232312
0.01506619137
0.01415224718
0.01329304056
0.01246265611
0.01170102057
0.01101641068
0.01037033443
0.009735877854
0.009149963485
0.008609276275
0.008106878605
0.007644352572
0.007196213181
0.006805819464
0.006424903668
0.006066132519
0.005721844072
0.005410154791
0.005148513416
0.004898303466
0.004691360577
0.004487786078
0.004286609128
0.004117300795
0.003966851021
0.003816565762
0.00369680017
0.00361831069
0.003589855988
0.003614445537
0.003673702313
0.003771340006
0.003883137789
0.00404443487
0.004237274074
0.004467156738
0.00473680986
0.005029143648
0.005315908298
0.005543887793
0.005724075433
0.005821420439
0.005890960179
0.005950892501
0.006028132264
0.006099395173
0.006165119272
0.006288054494
0.006513052991
0.006838500304
0.007254598698
0.007515316234
0.007790559391
0.008248916087
