0.2685466226
0.1899507839
0.1549774093
0.1340091841
0.1198582579
0.1094077451
0.1012432713
0.09473373635
0.0892931447
0.08469580117
0.08075936684
0.07429402524
0.06910878795
0.06488022915
0.06133495632
0.05831247573
0.05448318937
0.05134239756
0.04788228735
0.0450206747
0.04263553558
0.04016873235
0.03773559723
0.03538490643
0.03317761622
0.03133862488
0.0293908847
0.02758800332
0.02596214922
0.02426492091
0.0228036235
0.02143239298
0.02013645172
0.01897354042
0.0178605157
0.0168154645
0.01584325181
0.01490576454
0.01398087088
0.01308755628
0.01221566382
0.01139575717
0.01065796689
0.00998238452
0.009397868426
0.008834998826
0.008342240401
0.007866104165
0.007432762538
0.007016689118
0.00658721982
0.006193261563
0.005832970333
0.005511811399
0.005162969743
0.004839127378
0.004561311262
0.004313937407
0.004051998617
0.003838075704
0.00369116362
0.003586942627
0.003498278296
0.003469420337
0.003458258251
0.003483187032
0.003514534981
0.003563620014
0.003639875972
0.003767769885
0.003955459068
0.00419568555
0.004494369027
0.004864909707
0.005304430626
0.005782107213
0.006307991805
0.006851829891
0.007414692138
0.008070115872
0.008885024816
0.009883504639
0.0110773528
0.01246955497
0.01405635786
0.01582298901
0.0177091766
0.019692173
0.02171949693
0.02388284372
0.02651496894
