44331.05349
31120.14435
25347.50712
21924.6962
19595.60046
17879.4585
16547.34331
15474.53902
14586.54045
13835.73405
13190.08127
12130.59998
11291.2603
10605.06127
10030.46454
9540.167196
8923.223351
8412.319539
7850.29736
7387.700369
6998.294262
6588.393021
6180.212221
5788.090111
5420.037472
5114.307598
4796.216876
4506.766889
4243.933865
3972.113789
3732.916426
3509.439135
3293.387656
3097.198879
2906.286238
2725.358483
2561.191105
2405.084753
2259.18124
2121.798551
1992.120048
1869.793185
1756.092595
1649.02877
1548.623189
1454.00445
1364.763128
1281.824096
1203.620623
1130.178373
1061.159277
996.6364495
935.7099657
878.6880913
825.2197054
774.9822071
727.9072339
683.5964016
642.1385562
603.256145
566.8032065
532.6976202
500.7213456
470.8224185
442.8801687
416.8167264
392.534218
369.9784321
349.069685
329.7913526
312.0882928
295.939346
281.3459811
268.3014926
256.8219741
246.9362327
238.6724043
232.0675145
227.1572384
223.9726278
222.5373816
222.8617425
224.9434435
228.7668732
234.3054471
241.5260947
250.3916098
260.8680159
272.9258113
286.5431741
301.711034
